  0.999914  0.0100605 0.00840163          0
 0.0099698  -0.999892  0.0107636          0
0.00850901 -0.0106789  -0.999907          0
         0          0          0          1