  -0.035148   -0.999275  -0.0146238           0
  -0.999375    0.035198 -0.00317139           0
 0.00368382   0.0145032   -0.999888           0
          0           0           0           1