-0.0483784    -0.9987 -0.0160602          0
 -0.998815  0.0484574 -0.0045658          0
 0.0053381  0.0158203  -0.999861          0
         0          0          0          1