<초기값>
I_T_L = 
  0.999914  0.0100605 0.00840163          0
 0.0099698  -0.999892  0.0107636          0
0.00850901 -0.0106789  -0.999907          0
         0          0          0          1



<다운샘플링 x>
걸린시간: 3486.1 [s]  

결과: I_T_L
  0.999919 0.00833273 0.00964849 0.00672109
0.00822032  -0.999899  0.0116329  -0.198157
0.00974445 -0.0115526  -0.999886 -0.0202097
         0          0          0          1
         
         
Lidar scan no: 726
No of lodom: 700
Translation [in m]: 0.000210348   -0.189997  -0.0371753
Euler Angles [in deg]:  1.0289 179.436 178.963



<다운샘플링 O>
걸린시간: 3491.13 [s]

결과: I_T_L
0.999788    0.0180959   0.00984364  0.000210348
0.0179172   -0.999678   0.0179559   -0.189997
0.0101654  -0.0177757    -0.99979  -0.0371753
        0           0           0           1


Lidar scan no: 726
No of lodom: 700
Translation [in m]: 0.000210348   -0.189997  -0.0371753
Euler Angles [in deg]:  1.0289 179.436 178.963

